%YAML:1.0
# camera
camera.fisheye: 1
camera.width: 3840
camera.height: 2160
camera.fx: 1735.2
camera.fy: 1734.82
camera.cx: 1878.1
camera.cy: 1093.13
camera.k0: 0.068349
camera.k1: -0.0199477
camera.d0: -0.0164107
camera.d1: 0.00769591

# T_V_C:
theta.x: 0
theta.y: 4.57
theta.z: 3.285
trans.x: 0.55
trans.y: -1.15
trans.z: 1.35